               precision    recall  f1-score   support

            !       1.00      1.00      1.00         5
            (       1.00      1.00      1.00         5
            )       0.56      1.00      0.71         5
            +       1.00      1.00      1.00         5
            ,       0.50      0.40      0.44         5
            -       1.00      1.00      1.00         5
            0       0.62      1.00      0.77         5
            1       0.28      1.00      0.43         5
            2       1.00      1.00      1.00         5
            3       1.00      1.00      1.00         5
            4       0.83      1.00      0.91         5
            5       1.00      1.00      1.00         5
            6       1.00      1.00      1.00         5
            7       1.00      1.00      1.00         5
            8       1.00      1.00      1.00         5
            9       1.00      0.80      0.89         5
            =       1.00      1.00      1.00         5
            A       0.83      1.00      0.91         5
            C       0.83      1.00      0.91         5
        Delta       1.00      1.00      1.00         5
            G       1.00      1.00      1.00         5
            H       1.00      1.00      1.00         5
            M       1.00      1.00      1.00         5
            N       1.00      1.00      1.00         5
            R       1.00      1.00      1.00         5
            S       1.00      1.00      1.00         5
            T       1.00      1.00      1.00         5
            X       0.62      1.00      0.77         5
            [       1.00      0.80      0.89         5
            ]       1.00      0.80      0.89         5
        alpha       1.00      1.00      1.00         5
    ascii_124       0.00      0.00      0.00         5
            b       1.00      1.00      1.00         5
         beta       1.00      1.00      1.00         5
          cos       1.00      1.00      1.00         5
            d       0.83      1.00      0.91         5
          div       1.00      1.00      1.00         5
            e       1.00      0.80      0.89         5
       exists       1.00      1.00      1.00         1
            f       1.00      1.00      1.00         5
       forall       1.00      1.00      1.00         2
forward_slash       0.00      0.00      0.00         5
        gamma       1.00      1.00      1.00         5
          geq       1.00      1.00      1.00         5
           gt       1.00      1.00      1.00         5
            i       1.00      1.00      1.00         5
           in       1.00      1.00      1.00         1
        infty       1.00      1.00      1.00         5
          int       1.00      1.00      1.00         5
            j       1.00      1.00      1.00         5
            k       1.00      1.00      1.00         5
            l       1.00      1.00      1.00         5
       lambda       1.00      0.75      0.86         4
        ldots       1.00      1.00      1.00         5
          leq       1.00      1.00      1.00         5
          lim       1.00      1.00      1.00         5
          log       1.00      1.00      1.00         5
           lt       1.00      1.00      1.00         5
           mu       1.00      0.80      0.89         5
          neq       1.00      1.00      1.00         5
            o       1.00      0.40      0.57         5
            p       1.00      1.00      1.00         5
          phi       1.00      1.00      1.00         5
           pi       1.00      1.00      1.00         5
           pm       1.00      1.00      1.00         5
        prime       1.00      0.20      0.33         5
            q       0.83      1.00      0.91         5
   rightarrow       1.00      1.00      1.00         5
        sigma       1.00      1.00      1.00         5
          sin       1.00      1.00      1.00         5
         sqrt       1.00      1.00      1.00         5
          sum       1.00      1.00      1.00         5
          tan       1.00      1.00      1.00         5
        theta       1.00      1.00      1.00         5
        times       1.00      0.40      0.57         5
            u       0.83      1.00      0.91         5
            v       1.00      1.00      1.00         5
            w       1.00      1.00      1.00         5
            y       1.00      1.00      1.00         5
            z       1.00      1.00      1.00         5
            {       1.00      0.80      0.89         5
            }       1.00      0.80      0.89         5

     accuracy                           0.92       398
    macro avg       0.93      0.92      0.92       398
 weighted avg       0.93      0.92      0.91       398
